creature_civ_nightcreature

-OBJECT:CREATURE-

[CREATURE:NIGHTCREATURE]
[NAME:nightcreature:nightcreatures:nightcreature]

		[NATURAL_SKILL:AXE:0]YESHARDERINVADER_NIGHTCREATURE
	[NATURAL_SKILL:SWORD:0]YESHARDERINVADER_NIGHTCREATURE
	[NATURAL_SKILL:MACE:0]YESHARDERINVADER_NIGHTCREATURE
	[NATURAL_SKILL:HAMMER:0]YESHARDERINVADER_NIGHTCREATURE
	[NATURAL_SKILL:SPEAR:0]YESHARDERINVADER_NIGHTCREATURE
	[NATURAL_SKILL:CROSSBOW:0]YESHARDERINVADER_NIGHTCREATURE
	[NATURAL_SKILL:SHIELD:0]YESHARDERINVADER_NIGHTCREATURE
	[NATURAL_SKILL:ARMOR:0]YESHARDERINVADER_NIGHTCREATURE
	[NATURAL_SKILL:PIKE:0]YESHARDERINVADER_NIGHTCREATURE
	[NATURAL_SKILL:WHIP:0]YESHARDERINVADER_NIGHTCREATURE
	[NATURAL_SKILL:BOW:0]YESHARDERINVADER_NIGHTCREATURE
	[NATURAL_SKILL:BLOWGUN:0]YESHARDERINVADER_NIGHTCREATURE
	[NATURAL_SKILL:MELEE_COMBAT:0]YESHARDERINVADER_NIGHTCREATURE
	[NATURAL_SKILL:RANGED_COMBAT:0]YESHARDERINVADER_NIGHTCREATURE
	[NATURAL_SKILL:WRESTLING:0]YESHARDERINVADER_NIGHTCREATURE
	[NATURAL_SKILL:BITE:0]YESHARDERINVADER_NIGHTCREATURE
	[NATURAL_SKILL:GRASP_STRIKE:0]YESHARDERINVADER_NIGHTCREATURE
	[NATURAL_SKILL:STANCE_STRIKE:0]YESHARDERINVADER_NIGHTCREATURE
	[NATURAL_SKILL:DODGING:0]YESHARDERINVADER_NIGHTCREATURE

;
#
[CASTE:NIGHT_CREATURE_149]
[CASTE_NAME:gloom troll:gloom trolls:gloom troll]
*
###







was caste male
was male



was caste female
was female

[MALE]
[CAN_LEARN]
[CAN_SPEAK]
[SENSE_CREATURE_CLASS:GENERAL_POISON:15:4:0:1]
[PHYS_ATT_RANGE:STRENGTH:450:550:700:750:800:850:900]
[PHYS_ATT_RANGE:AGILITY:1000:1250:1500:2000:2250:2500:3000]
[PHYS_ATT_RANGE:TOUGHNESS:850:900:950:1000:1050:1100:1150]
[PHYS_ATT_RANGE:ENDURANCE:850:900:950:1000:1050:1100:1150]
[PHYS_ATT_RANGE:RECUPERATION:450:1050:1150:1250:1350:1550:2250]
[PHYS_ATT_RANGE:DISEASE_RESISTANCE:700:1300:1400:1500:1600:1800:2500]
[MENT_ATT_RANGE:ANALYTICAL_ABILITY:1250:1500:1750:2000:2500:3000:5000]
[MENT_ATT_RANGE:FOCUS:1250:1500:1750:2000:2500:3000:5000]
[MENT_ATT_RANGE:WILLPOWER:1250:1500:1750:2000:2500:3000:5000]
[MENT_ATT_RANGE:PATIENCE:0:333:666:1000:2333:3666:5000]
[MENT_ATT_RANGE:MEMORY:1250:1500:1750:2000:2500:3000:5000]
[MENT_ATT_RANGE:LINGUISTIC_ABILITY:450:1050:1150:1250:1350:1550:2250]
[MENT_ATT_RANGE:MUSICALITY:0:333:666:1000:2333:3666:5000]
[MENT_ATT_RANGE:SOCIAL_AWARENESS:700:1300:1400:1500:1600:1800:2500]
[PERSONALITY:BASHFUL:0:0:0]
[PERSONALITY:STRESS_VULNERABILITY:0:0:0]
[PERSONALITY:FRIENDLINESS:0:0:0]
[PERSONALITY:DISDAIN_ADVICE:100:100:100]
[PERSONALITY:CHEER_PROPENSITY:0:0:0]
[PERSONALITY:GRATITUDE:0:0:0]
[PERSONALITY:TRUST:0:0:0]
[PERSONALITY:ALTRUISM:0:0:0]
[PERSONALITY:CRUELTY:100:100:100]
[NATURAL_SKILL:WRESTLING:6]
[NATURAL_SKILL:BITE:6]
[NATURAL_SKILL:GRASP_STRIKE:6]
[NATURAL_SKILL:STANCE_STRIKE:6]
[NATURAL_SKILL:MELEE_COMBAT:6]
[NATURAL_SKILL:DODGING:6]
[NATURAL_SKILL:SITUATIONAL_AWARENESS:6]













[NO_DRINK]
[NO_EAT]
[NO_SLEEP]
[BODY_APPEARANCE_MODIFIER:HEIGHT:90:95:98:100:102:105:110]
[BODY_APPEARANCE_MODIFIER:BROADNESS:90:95:98:100:102:105:110]
[LARGE_PREDATOR]
[EVIL]
[SUPERNATURAL]
[FANCIFUL]
[AMPHIBIOUS]
[PETVALUE:2000]
[GRASSTRAMPLE:20]
[BUILDINGDESTROYER:2]
[ALL_ACTIVE]
[SWIMS_INNATE]
[TRAPAVOID]
[NOPAIN]
[NOSTUN]
[NONAUSEA]
[NOFEAR]
[NOEXERT]
[NO_DIZZINESS]
[NO_FEVERS]
[LARGE_PREDATOR]



[BODY_SIZE:0:0:5350]
[BODY_SIZE:2:0:26750]
[BODY_SIZE:12:0:107000]


[MALE]
[BABY:1]
[CHILD:12]
[CREATURE_TILE:165]
[CREATURE_CLASS:ALL_CREATURES] [BODY:RCP_UPPER_BODY:RCP_LOWER_BODY:RCP_NECK:RCP_HEAD:RCP_TWO_PART_ARMS:RCP_TWO_PART_LEGS:RCP_3_HEAD_HORNS:RCP_2_EYES:RCP_LUNGS:RCP_HEART:RCP_GUTS:RCP_THROAT:RCP_SPINE:RCP_UPPER_SPINE:RCP_BRAIN:RCP_SKULL:RCP_MOUTH:RCP_TONGUE:RCP_RIBS:RCP_2_EYELIDS]
[CANOPENDOORS]
[EQUIPS]
[BODY_DETAIL_PLAN:STANDARD_MATERIALS]
[REMOVE_MATERIAL:SKIN]
[REMOVE_MATERIAL:HAIR]
[USE_MATERIAL_TEMPLATE:SCALE:SCALE_TEMPLATE]
[BODY_DETAIL_PLAN:STANDARD_TISSUES]
[REMOVE_TISSUE:SKIN]
[REMOVE_TISSUE:HAIR]
[USE_TISSUE_TEMPLATE:SCALE:SCALE_TEMPLATE]
[USE_MATERIAL_TEMPLATE:HORN:HORN_TEMPLATE]
[USE_TISSUE_TEMPLATE:HORN:HORN_TEMPLATE]
[BODY_DETAIL_PLAN:VERTEBRATE_TISSUE_LAYERS:SCALE:FAT:MUSCLE:BONE:CARTILAGE]
[BODY_DETAIL_PLAN:STANDARD_HEAD_POSITIONS]
[BODY_DETAIL_PLAN:HUMANOID_HEAD_POSITIONS]
[BODY_DETAIL_PLAN:HUMANOID_RIBCAGE_POSITIONS]
[BODY_DETAIL_PLAN:HUMANOID_RELSIZES]
[USE_MATERIAL_TEMPLATE:SINEW:SINEW_TEMPLATE]
[TENDONS:LOCAL_CREATURE_MAT:SINEW:200]
[LIGAMENTS:LOCAL_CREATURE_MAT:SINEW:200]
[HAS_NERVES]
[NOBREATHE]
[HOMEOTHERM:10040]
[SELECT_MATERIAL:SCALE]
[STATE_COLOR:ALL_SOLID:SLATE_GRAY]
[NO_UNIT_TYPE_COLOR]
[COLOR:2:0:0]
[SELECT_TISSUE_LAYER:HEART:BY_CATEGORY:HEART]
[PLUS_TISSUE_LAYER:SCALE:BY_CATEGORY:THROAT]
[TL_MAJOR_ARTERIES]
[USE_MATERIAL_TEMPLATE:BLOOD:BLOOD_TEMPLATE]
[BLOOD:LOCAL_CREATURE_MAT:BLOOD:LIQUID]
[CREATURE_CLASS:GENERAL_POISON]
[ATTACK:PUNCH:BODYPART:BY_TYPE:GRASP]
[ATTACK_SKILL:GRASP_STRIKE]
[ATTACK_VERB:punch:punches]
[ATTACK_CONTACT_PERC:100]
[ATTACK_PREPARE_AND_RECOVER:2:2]
[ATTACK_FLAG_WITH]
[ATTACK_PRIORITY:MAIN]
[ATTACK:KICK:BODYPART:BY_TYPE:STANCE]
[ATTACK_SKILL:STANCE_STRIKE]
[ATTACK_VERB:kick:kicks]
[ATTACK_CONTACT_PERC:100]
[ATTACK_PREPARE_AND_RECOVER:2:2]
[ATTACK_FLAG_WITH]
[ATTACK_PRIORITY:MAIN]
[ATTACK_FLAG_BAD_MULTIATTACK]
[ATTACK:HORN:BODYPART:BY_CATEGORY:HORN]
[ATTACK_SKILL:BITE]
[ATTACK_VERB:gore:gores]
[ATTACK_CONTACT_PERC:5]
[ATTACK_PENETRATION_PERC:100]
[ATTACK_PREPARE_AND_RECOVER:2:2]
[ATTACK_FLAG_EDGE]
[ATTACK_PRIORITY:MAIN]
[ATTACK:BITE:BODYPART:BY_CATEGORY:MOUTH]
[ATTACK_SKILL:BITE]
[ATTACK_VERB:bite:bites]
[ATTACK_CONTACT_PERC:100]
[ATTACK_PREPARE_AND_RECOVER:2:2]
[ATTACK_PRIORITY:MAIN]
[ATTACK_FLAG_CANLATCH]
[GAIT:SWIM:Maximum Swim Speed:725:10:3:2175:50:LAYERS_SLOW:STRENGTH:AGILITY:STEALTH_SLOWS:50]
[GAIT:SWIM:Faster Swim:1450:5:3:2175:10:LAYERS_SLOW:STRENGTH:AGILITY:STEALTH_SLOWS:20]
[GAIT:SWIM:Fast Swim:2175:NO_BUILD_UP:5:LAYERS_SLOW:STRENGTH:AGILITY:STEALTH_SLOWS:10]
[GAIT:SWIM:Swim:2900:NO_BUILD_UP:0]
[GAIT:SWIM:Slow Swim:3900:NO_BUILD_UP:0]
[GAIT:SWIM:Creeping Swim:5900:NO_BUILD_UP:0]
[GAIT:WALK:Sprint:200:10:3:600:50:LAYERS_SLOW:STRENGTH:AGILITY:STEALTH_SLOWS:50]
[GAIT:WALK:Run:400:5:3:600:10:LAYERS_SLOW:STRENGTH:AGILITY:STEALTH_SLOWS:20]
[GAIT:WALK:Jog:600:NO_BUILD_UP:5:LAYERS_SLOW:STRENGTH:AGILITY:STEALTH_SLOWS:10]
[GAIT:WALK:Walk:800:NO_BUILD_UP:0]
[GAIT:WALK:Stroll:1700:NO_BUILD_UP:0]
[GAIT:WALK:Creep:2600:NO_BUILD_UP:0]
[GAIT:CRAWL:Scramble:225:10:3:675:50:LAYERS_SLOW:STRENGTH:AGILITY:STEALTH_SLOWS:50]
[GAIT:CRAWL:Faster Crawl:450:5:3:675:10:LAYERS_SLOW:STRENGTH:AGILITY:STEALTH_SLOWS:20]
[GAIT:CRAWL:Fast Crawl:675:NO_BUILD_UP:5:LAYERS_SLOW:STRENGTH:AGILITY:STEALTH_SLOWS:10]
[GAIT:CRAWL:Crawl:900:NO_BUILD_UP:0]
[GAIT:CRAWL:Slow Crawl:1900:NO_BUILD_UP:0]
[GAIT:CRAWL:Creep:2900:NO_BUILD_UP:0]
[GAIT:CLIMB:Scramble:225:10:3:675:50:LAYERS_SLOW:STRENGTH:AGILITY:STEALTH_SLOWS:50]
[GAIT:CLIMB:Faster Climb:450:5:3:675:10:LAYERS_SLOW:STRENGTH:AGILITY:STEALTH_SLOWS:20]
[GAIT:CLIMB:Fast Climb:675:NO_BUILD_UP:5:LAYERS_SLOW:STRENGTH:AGILITY:STEALTH_SLOWS:10]
[GAIT:CLIMB:Climb:900:NO_BUILD_UP:0]
[GAIT:CLIMB:Slow Climb:1900:NO_BUILD_UP:0]
[GAIT:CLIMB:Creep:2900:NO_BUILD_UP:0]
[DESCRIPTION:A large scaly humanoid.  It has three long, straight horns and its joints are backward.  Its slate gray scales are oval-shaped and set far apart.  Now you will know why you fear the night.]
[PREFSTRING:macabre ways]

[CASTE_NAME:gloom troll:gloom trolls:gloom troll]

[CASTE_NAME:bride of the gloom troll:brides of the gloom troll:bride of the gloom troll]
[MALE]
;
#
[CASTE:NIGHT_CREATURE_148]
[CASTE_NAME:hulking monster:hulking monsters:hulking monster]
*
###







was caste male
was male



was caste female
was female

[MALE]
[CAN_LEARN]
[CAN_SPEAK]
[SENSE_CREATURE_CLASS:GENERAL_POISON:15:4:0:1]
[PHYS_ATT_RANGE:STRENGTH:1000:1250:1500:2000:2250:2500:3000]
[PHYS_ATT_RANGE:AGILITY:450:550:700:750:800:850:900]
[PHYS_ATT_RANGE:TOUGHNESS:850:900:950:1000:1050:1100:1150]
[PHYS_ATT_RANGE:ENDURANCE:850:900:950:1000:1050:1100:1150]
[PHYS_ATT_RANGE:RECUPERATION:450:1050:1150:1250:1350:1550:2250]
[PHYS_ATT_RANGE:DISEASE_RESISTANCE:700:1300:1400:1500:1600:1800:2500]
[MENT_ATT_RANGE:ANALYTICAL_ABILITY:1250:1500:1750:2000:2500:3000:5000]
[MENT_ATT_RANGE:FOCUS:1250:1500:1750:2000:2500:3000:5000]
[MENT_ATT_RANGE:WILLPOWER:1250:1500:1750:2000:2500:3000:5000]
[MENT_ATT_RANGE:PATIENCE:0:333:666:1000:2333:3666:5000]
[MENT_ATT_RANGE:MEMORY:1250:1500:1750:2000:2500:3000:5000]
[MENT_ATT_RANGE:LINGUISTIC_ABILITY:450:1050:1150:1250:1350:1550:2250]
[MENT_ATT_RANGE:MUSICALITY:0:333:666:1000:2333:3666:5000]
[MENT_ATT_RANGE:SOCIAL_AWARENESS:700:1300:1400:1500:1600:1800:2500]
[PERSONALITY:BASHFUL:0:0:0]
[PERSONALITY:STRESS_VULNERABILITY:0:0:0]
[PERSONALITY:FRIENDLINESS:0:0:0]
[PERSONALITY:DISDAIN_ADVICE:100:100:100]
[PERSONALITY:CHEER_PROPENSITY:0:0:0]
[PERSONALITY:GRATITUDE:0:0:0]
[PERSONALITY:TRUST:0:0:0]
[PERSONALITY:ALTRUISM:0:0:0]
[PERSONALITY:CRUELTY:100:100:100]
[NATURAL_SKILL:WRESTLING:6]
[NATURAL_SKILL:BITE:6]
[NATURAL_SKILL:GRASP_STRIKE:6]
[NATURAL_SKILL:STANCE_STRIKE:6]
[NATURAL_SKILL:MELEE_COMBAT:6]
[NATURAL_SKILL:DODGING:6]
[NATURAL_SKILL:SITUATIONAL_AWARENESS:6]













[NO_DRINK]
[NO_EAT]
[NO_SLEEP]
[BODY_APPEARANCE_MODIFIER:HEIGHT:90:95:98:100:102:105:110]
[BODY_APPEARANCE_MODIFIER:BROADNESS:90:95:98:100:102:105:110]
[LARGE_PREDATOR]
[EVIL]
[SUPERNATURAL]
[FANCIFUL]
[AMPHIBIOUS]
[PETVALUE:2000]
[GRASSTRAMPLE:20]
[BUILDINGDESTROYER:2]
[ALL_ACTIVE]
[SWIMS_INNATE]
[TRAPAVOID]
[NOPAIN]
[NOSTUN]
[NONAUSEA]
[NOFEAR]
[NOEXERT]
[NO_DIZZINESS]
[NO_FEVERS]
[LARGE_PREDATOR]



[BODY_SIZE:0:0:6400]
[BODY_SIZE:2:0:32000]
[BODY_SIZE:12:0:128000]

[BODY_SIZE:0:0:93440]
[MALE]
[BABY:1]
[CHILD:12]
[CREATURE_TILE:165]
[CREATURE_CLASS:ALL_CREATURES] [BODY:RCP_UPPER_BODY:RCP_LOWER_BODY:RCP_NECK:RCP_HEAD:RCP_TWO_PART_ARMS:RCP_TWO_PART_LEGS:RCP_TWO_FLIGHTLESS_WINGS:RCP_2_EYES:RCP_LUNGS:RCP_HEART:RCP_GUTS:RCP_THROAT:RCP_SPINE:RCP_UPPER_SPINE:RCP_BRAIN:RCP_SKULL:RCP_MOUTH:RCP_TONGUE:RCP_RIBS:RCP_2_EYELIDS]
[CANOPENDOORS]
[EQUIPS]
[BODY_DETAIL_PLAN:STANDARD_MATERIALS]
[REMOVE_MATERIAL:SKIN]
[REMOVE_MATERIAL:HAIR]
[USE_MATERIAL_TEMPLATE:SCALE:SCALE_TEMPLATE]
[BODY_DETAIL_PLAN:STANDARD_TISSUES]
[REMOVE_TISSUE:SKIN]
[REMOVE_TISSUE:HAIR]
[USE_TISSUE_TEMPLATE:SCALE:SCALE_TEMPLATE]
[BODY_DETAIL_PLAN:VERTEBRATE_TISSUE_LAYERS:SCALE:FAT:MUSCLE:BONE:CARTILAGE]
[BODY_DETAIL_PLAN:STANDARD_HEAD_POSITIONS]
[BODY_DETAIL_PLAN:HUMANOID_HEAD_POSITIONS]
[BODY_DETAIL_PLAN:HUMANOID_RIBCAGE_POSITIONS]
[BODY_DETAIL_PLAN:HUMANOID_RELSIZES]
[USE_MATERIAL_TEMPLATE:SINEW:SINEW_TEMPLATE]
[TENDONS:LOCAL_CREATURE_MAT:SINEW:200]
[LIGAMENTS:LOCAL_CREATURE_MAT:SINEW:200]
[HAS_NERVES]
[NOBREATHE]
[HOMEOTHERM:10040]
[SELECT_MATERIAL:SCALE]
[STATE_COLOR:ALL_SOLID:CHARCOAL]
[NO_UNIT_TYPE_COLOR]
[COLOR:2:0:0]
[SELECT_TISSUE_LAYER:HEART:BY_CATEGORY:HEART]
[PLUS_TISSUE_LAYER:SCALE:BY_CATEGORY:THROAT]
[TL_MAJOR_ARTERIES]
[USE_MATERIAL_TEMPLATE:BLOOD:BLOOD_TEMPLATE]
[BLOOD:LOCAL_CREATURE_MAT:BLOOD:LIQUID]
[CREATURE_CLASS:GENERAL_POISON]
[ATTACK:PUNCH:BODYPART:BY_TYPE:GRASP]
[ATTACK_SKILL:GRASP_STRIKE]
[ATTACK_VERB:punch:punches]
[ATTACK_CONTACT_PERC:100]
[ATTACK_PREPARE_AND_RECOVER:2:2]
[ATTACK_FLAG_WITH]
[ATTACK_PRIORITY:MAIN]
[ATTACK:KICK:BODYPART:BY_TYPE:STANCE]
[ATTACK_SKILL:STANCE_STRIKE]
[ATTACK_VERB:kick:kicks]
[ATTACK_CONTACT_PERC:100]
[ATTACK_PREPARE_AND_RECOVER:2:2]
[ATTACK_FLAG_WITH]
[ATTACK_PRIORITY:MAIN]
[ATTACK_FLAG_BAD_MULTIATTACK]
[ATTACK:BITE:BODYPART:BY_CATEGORY:MOUTH]
[ATTACK_SKILL:BITE]
[ATTACK_VERB:bite:bites]
[ATTACK_CONTACT_PERC:100]
[ATTACK_PREPARE_AND_RECOVER:2:2]
[ATTACK_PRIORITY:MAIN]
[ATTACK_FLAG_CANLATCH]
[GAIT:SWIM:Maximum Swim Speed:725:10:3:2175:50:LAYERS_SLOW:STRENGTH:AGILITY:STEALTH_SLOWS:50]
[GAIT:SWIM:Faster Swim:1450:5:3:2175:10:LAYERS_SLOW:STRENGTH:AGILITY:STEALTH_SLOWS:20]
[GAIT:SWIM:Fast Swim:2175:NO_BUILD_UP:5:LAYERS_SLOW:STRENGTH:AGILITY:STEALTH_SLOWS:10]
[GAIT:SWIM:Swim:2900:NO_BUILD_UP:0]
[GAIT:SWIM:Slow Swim:3900:NO_BUILD_UP:0]
[GAIT:SWIM:Creeping Swim:5900:NO_BUILD_UP:0]
[GAIT:WALK:Sprint:250:10:3:750:50:LAYERS_SLOW:STRENGTH:AGILITY:STEALTH_SLOWS:50]
[GAIT:WALK:Run:500:5:3:750:10:LAYERS_SLOW:STRENGTH:AGILITY:STEALTH_SLOWS:20]
[GAIT:WALK:Jog:750:NO_BUILD_UP:5:LAYERS_SLOW:STRENGTH:AGILITY:STEALTH_SLOWS:10]
[GAIT:WALK:Walk:1000:NO_BUILD_UP:0]
[GAIT:WALK:Stroll:2100:NO_BUILD_UP:0]
[GAIT:WALK:Creep:3200:NO_BUILD_UP:0]
[GAIT:CRAWL:Scramble:225:10:3:675:50:LAYERS_SLOW:STRENGTH:AGILITY:STEALTH_SLOWS:50]
[GAIT:CRAWL:Faster Crawl:450:5:3:675:10:LAYERS_SLOW:STRENGTH:AGILITY:STEALTH_SLOWS:20]
[GAIT:CRAWL:Fast Crawl:675:NO_BUILD_UP:5:LAYERS_SLOW:STRENGTH:AGILITY:STEALTH_SLOWS:10]
[GAIT:CRAWL:Crawl:900:NO_BUILD_UP:0]
[GAIT:CRAWL:Slow Crawl:1900:NO_BUILD_UP:0]
[GAIT:CRAWL:Creep:2900:NO_BUILD_UP:0]
[GAIT:CLIMB:Scramble:225:10:3:675:50:LAYERS_SLOW:STRENGTH:AGILITY:STEALTH_SLOWS:50]
[GAIT:CLIMB:Faster Climb:450:5:3:675:10:LAYERS_SLOW:STRENGTH:AGILITY:STEALTH_SLOWS:20]
[GAIT:CLIMB:Fast Climb:675:NO_BUILD_UP:5:LAYERS_SLOW:STRENGTH:AGILITY:STEALTH_SLOWS:10]
[GAIT:CLIMB:Climb:900:NO_BUILD_UP:0]
[GAIT:CLIMB:Slow Climb:1900:NO_BUILD_UP:0]
[GAIT:CLIMB:Creep:2900:NO_BUILD_UP:0]
[DESCRIPTION:A large scaly humanoid.  It has thin wings of stretched skin and it shambles sluggishly.  Its charcoal scales are oval-shaped and set far apart.  Now you will know why you fear the night.]
[PREFSTRING:macabre ways]

[CASTE_NAME:hulking monster:hulking monsters:hulking monster]

CASTE_NAME:hulking monster mate:hulking monster mates:hulking monster mate]
[MALE]
;
#
[CASTE:NIGHT_CREATURE_147]
[CASTE_NAME:dusk horror:dusk horrors:dusk horror]
*
###







was caste male
was male



was caste female
was female

[MALE]
[CAN_LEARN]
[SLOW_LEARNER]
[CAN_SPEAK]
[SENSE_CREATURE_CLASS:GENERAL_POISON:15:4:0:1]
[PHYS_ATT_RANGE:STRENGTH:1000:1250:1500:2000:2250:2500:3000]
[PHYS_ATT_RANGE:AGILITY:450:550:700:750:800:850:900]
[PHYS_ATT_RANGE:TOUGHNESS:850:900:950:1000:1050:1100:1150]
[PHYS_ATT_RANGE:ENDURANCE:850:900:950:1000:1050:1100:1150]
[PHYS_ATT_RANGE:RECUPERATION:450:1050:1150:1250:1350:1550:2250]
[PHYS_ATT_RANGE:DISEASE_RESISTANCE:700:1300:1400:1500:1600:1800:2500]
[MENT_ATT_RANGE:ANALYTICAL_ABILITY:1250:1500:1750:2000:2500:3000:5000]
[MENT_ATT_RANGE:FOCUS:1250:1500:1750:2000:2500:3000:5000]
[MENT_ATT_RANGE:WILLPOWER:1250:1500:1750:2000:2500:3000:5000]
[MENT_ATT_RANGE:PATIENCE:0:333:666:1000:2333:3666:5000]
[MENT_ATT_RANGE:MEMORY:1250:1500:1750:2000:2500:3000:5000]
[MENT_ATT_RANGE:LINGUISTIC_ABILITY:450:1050:1150:1250:1350:1550:2250]
[MENT_ATT_RANGE:MUSICALITY:0:333:666:1000:2333:3666:5000]
[MENT_ATT_RANGE:SOCIAL_AWARENESS:700:1300:1400:1500:1600:1800:2500]
[PERSONALITY:BASHFUL:0:0:0]
[PERSONALITY:STRESS_VULNERABILITY:0:0:0]
[PERSONALITY:FRIENDLINESS:0:0:0]
[PERSONALITY:DISDAIN_ADVICE:100:100:100]
[PERSONALITY:CHEER_PROPENSITY:0:0:0]
[PERSONALITY:GRATITUDE:0:0:0]
[PERSONALITY:TRUST:0:0:0]
[PERSONALITY:ALTRUISM:0:0:0]
[PERSONALITY:CRUELTY:100:100:100]
[NATURAL_SKILL:WRESTLING:6]
[NATURAL_SKILL:BITE:6]
[NATURAL_SKILL:GRASP_STRIKE:6]
[NATURAL_SKILL:STANCE_STRIKE:6]
[NATURAL_SKILL:MELEE_COMBAT:6]
[NATURAL_SKILL:DODGING:6]
[NATURAL_SKILL:SITUATIONAL_AWARENESS:6]











[ODOR_STRING:death]

[NO_DRINK]
[NO_EAT]
[NO_SLEEP]
[BODY_APPEARANCE_MODIFIER:HEIGHT:90:95:98:100:102:105:110]
[BODY_APPEARANCE_MODIFIER:BROADNESS:90:95:98:100:102:105:110]
[LARGE_PREDATOR]
[EVIL]
[SUPERNATURAL]
[FANCIFUL]
[AMPHIBIOUS]
[PETVALUE:2000]
[GRASSTRAMPLE:20]
[BUILDINGDESTROYER:2]
[ALL_ACTIVE]
[SWIMS_INNATE]
[TRAPAVOID]
[NOPAIN]
[NOSTUN]
[NONAUSEA]
[NOFEAR]
[NOEXERT]
[NO_DIZZINESS]
[NO_FEVERS]
[LARGE_PREDATOR]



[BODY_SIZE:0:0:5250]
[BODY_SIZE:2:0:26250]
[BODY_SIZE:12:0:105000]

[BODY_SIZE:0:0:96600]
[MALE]
[BABY:1]
[CHILD:12]
[CREATURE_TILE:165]
[CREATURE_CLASS:ALL_CREATURES] [BODY:RCP_UPPER_BODY:RCP_LOWER_BODY:RCP_NECK:RCP_HEAD:RCP_TWO_PART_ARMS:RCP_TWO_PART_LEGS:RCP_3_TAILS:RCP_2_EYES:RCP_LUNGS:RCP_HEART:RCP_GUTS:RCP_THROAT:RCP_SPINE:RCP_UPPER_SPINE:RCP_BRAIN:RCP_SKULL:RCP_MOUTH:RCP_TONGUE:RCP_RIBS]
[CANOPENDOORS]
[EQUIPS]
[BODY_DETAIL_PLAN:STANDARD_MATERIALS]
[REMOVE_MATERIAL:HAIR]
[BODY_DETAIL_PLAN:STANDARD_TISSUES]
[REMOVE_TISSUE:HAIR]
[BODY_DETAIL_PLAN:VERTEBRATE_TISSUE_LAYERS:SKIN:FAT:MUSCLE:BONE:CARTILAGE]
[BODY_DETAIL_PLAN:STANDARD_HEAD_POSITIONS]
[BODY_DETAIL_PLAN:HUMANOID_HEAD_POSITIONS]
[BODY_DETAIL_PLAN:HUMANOID_RIBCAGE_POSITIONS]
[BODY_DETAIL_PLAN:HUMANOID_RELSIZES]
[USE_MATERIAL_TEMPLATE:SINEW:SINEW_TEMPLATE]
[TENDONS:LOCAL_CREATURE_MAT:SINEW:200]
[LIGAMENTS:LOCAL_CREATURE_MAT:SINEW:200]
[HAS_NERVES]
[NOBREATHE]
[HOMEOTHERM:10040]
[SELECT_MATERIAL:SKIN]
[STATE_COLOR:ALL_SOLID:BLACK]
[NO_UNIT_TYPE_COLOR]
[COLOR:2:0:0]
[SELECT_TISSUE_LAYER:HEART:BY_CATEGORY:HEART]
[PLUS_TISSUE_LAYER:SCALE:BY_CATEGORY:THROAT]
[TL_MAJOR_ARTERIES]
[USE_MATERIAL_TEMPLATE:BLOOD:BLOOD_TEMPLATE]
[BLOOD:LOCAL_CREATURE_MAT:BLOOD:LIQUID]
[CREATURE_CLASS:GENERAL_POISON]
[ATTACK:PUNCH:BODYPART:BY_TYPE:GRASP]
[ATTACK_SKILL:GRASP_STRIKE]
[ATTACK_VERB:punch:punches]
[ATTACK_CONTACT_PERC:100]
[ATTACK_PREPARE_AND_RECOVER:2:2]
[ATTACK_FLAG_WITH]
[ATTACK_PRIORITY:MAIN]
[ATTACK:KICK:BODYPART:BY_TYPE:STANCE]
[ATTACK_SKILL:STANCE_STRIKE]
[ATTACK_VERB:kick:kicks]
[ATTACK_CONTACT_PERC:100]
[ATTACK_PREPARE_AND_RECOVER:2:2]
[ATTACK_FLAG_WITH]
[ATTACK_PRIORITY:MAIN]
[ATTACK_FLAG_BAD_MULTIATTACK]
[ATTACK:BITE:BODYPART:BY_CATEGORY:MOUTH]
[ATTACK_SKILL:BITE]
[ATTACK_VERB:bite:bites]
[ATTACK_CONTACT_PERC:100]
[ATTACK_PREPARE_AND_RECOVER:2:2]
[ATTACK_PRIORITY:MAIN]
[ATTACK_FLAG_CANLATCH]
[GAIT:SWIM:Maximum Swim Speed:725:10:3:2175:50:LAYERS_SLOW:STRENGTH:AGILITY:STEALTH_SLOWS:50]
[GAIT:SWIM:Faster Swim:1450:5:3:2175:10:LAYERS_SLOW:STRENGTH:AGILITY:STEALTH_SLOWS:20]
[GAIT:SWIM:Fast Swim:2175:NO_BUILD_UP:5:LAYERS_SLOW:STRENGTH:AGILITY:STEALTH_SLOWS:10]
[GAIT:SWIM:Swim:2900:NO_BUILD_UP:0]
[GAIT:SWIM:Slow Swim:3900:NO_BUILD_UP:0]
[GAIT:SWIM:Creeping Swim:5900:NO_BUILD_UP:0]
[GAIT:WALK:Sprint:250:10:3:750:50:LAYERS_SLOW:STRENGTH:AGILITY:STEALTH_SLOWS:50]
[GAIT:WALK:Run:500:5:3:750:10:LAYERS_SLOW:STRENGTH:AGILITY:STEALTH_SLOWS:20]
[GAIT:WALK:Jog:750:NO_BUILD_UP:5:LAYERS_SLOW:STRENGTH:AGILITY:STEALTH_SLOWS:10]
[GAIT:WALK:Walk:1000:NO_BUILD_UP:0]
[GAIT:WALK:Stroll:2100:NO_BUILD_UP:0]
[GAIT:WALK:Creep:3200:NO_BUILD_UP:0]
[GAIT:CRAWL:Scramble:225:10:3:675:50:LAYERS_SLOW:STRENGTH:AGILITY:STEALTH_SLOWS:50]
[GAIT:CRAWL:Faster Crawl:450:5:3:675:10:LAYERS_SLOW:STRENGTH:AGILITY:STEALTH_SLOWS:20]
[GAIT:CRAWL:Fast Crawl:675:NO_BUILD_UP:5:LAYERS_SLOW:STRENGTH:AGILITY:STEALTH_SLOWS:10]
[GAIT:CRAWL:Crawl:900:NO_BUILD_UP:0]
[GAIT:CRAWL:Slow Crawl:1900:NO_BUILD_UP:0]
[GAIT:CRAWL:Creep:2900:NO_BUILD_UP:0]
[GAIT:CLIMB:Scramble:225:10:3:675:50:LAYERS_SLOW:STRENGTH:AGILITY:STEALTH_SLOWS:50]
[GAIT:CLIMB:Faster Climb:450:5:3:675:10:LAYERS_SLOW:STRENGTH:AGILITY:STEALTH_SLOWS:20]
[GAIT:CLIMB:Fast Climb:675:NO_BUILD_UP:5:LAYERS_SLOW:STRENGTH:AGILITY:STEALTH_SLOWS:10]
[GAIT:CLIMB:Climb:900:NO_BUILD_UP:0]
[GAIT:CLIMB:Slow Climb:1900:NO_BUILD_UP:0]
[GAIT:CLIMB:Creep:2900:NO_BUILD_UP:0]
[DESCRIPTION:A large humanoid with lidless eyes.  It has three long, hanging tails and it shambles sluggishly.  Its black skin is sleek and smooth.  Now you will know why you fear the night.]
[PREFSTRING:macabre ways]

[CASTE_NAME:dusk horror:dusk horrors:dusk horror]

CASTE_NAME:dusk horror consort:dusk horror consorts:dusk horror consort]
[MALE]
;
#
[CASTE:NIGHT_CREATURE_146]
[CASTE_NAME:horned ogre:horned ogres:horned ogre]
*
###







was caste male
was male



was caste female
was female

[MALE]
[CAN_LEARN]
[SLOW_LEARNER]
[CAN_SPEAK]
[SENSE_CREATURE_CLASS:GENERAL_POISON:15:4:0:1]
[PHYS_ATT_RANGE:STRENGTH:1000:1250:1500:2000:2250:2500:3000]
[PHYS_ATT_RANGE:AGILITY:450:550:700:750:800:850:900]
[PHYS_ATT_RANGE:TOUGHNESS:850:900:950:1000:1050:1100:1150]
[PHYS_ATT_RANGE:ENDURANCE:850:900:950:1000:1050:1100:1150]
[PHYS_ATT_RANGE:RECUPERATION:450:1050:1150:1250:1350:1550:2250]
[PHYS_ATT_RANGE:DISEASE_RESISTANCE:700:1300:1400:1500:1600:1800:2500]
[MENT_ATT_RANGE:ANALYTICAL_ABILITY:1250:1500:1750:2000:2500:3000:5000]
[MENT_ATT_RANGE:FOCUS:1250:1500:1750:2000:2500:3000:5000]
[MENT_ATT_RANGE:WILLPOWER:1250:1500:1750:2000:2500:3000:5000]
[MENT_ATT_RANGE:PATIENCE:0:333:666:1000:2333:3666:5000]
[MENT_ATT_RANGE:MEMORY:1250:1500:1750:2000:2500:3000:5000]
[MENT_ATT_RANGE:LINGUISTIC_ABILITY:450:1050:1150:1250:1350:1550:2250]
[MENT_ATT_RANGE:MUSICALITY:0:333:666:1000:2333:3666:5000]
[MENT_ATT_RANGE:SOCIAL_AWARENESS:700:1300:1400:1500:1600:1800:2500]
[PERSONALITY:BASHFUL:0:0:0]
[PERSONALITY:STRESS_VULNERABILITY:0:0:0]
[PERSONALITY:FRIENDLINESS:0:0:0]
[PERSONALITY:DISDAIN_ADVICE:100:100:100]
[PERSONALITY:CHEER_PROPENSITY:0:0:0]
[PERSONALITY:GRATITUDE:0:0:0]
[PERSONALITY:TRUST:0:0:0]
[PERSONALITY:ALTRUISM:0:0:0]
[PERSONALITY:CRUELTY:100:100:100]
[NATURAL_SKILL:WRESTLING:6]
[NATURAL_SKILL:BITE:6]
[NATURAL_SKILL:GRASP_STRIKE:6]
[NATURAL_SKILL:STANCE_STRIKE:6]
[NATURAL_SKILL:MELEE_COMBAT:6]
[NATURAL_SKILL:DODGING:6]
[NATURAL_SKILL:SITUATIONAL_AWARENESS:6]











[ODOR_STRING:bug innards]

[NO_DRINK]
[NO_EAT]
[NO_SLEEP]
[BODY_APPEARANCE_MODIFIER:HEIGHT:90:95:98:100:102:105:110]
[BODY_APPEARANCE_MODIFIER:BROADNESS:90:95:98:100:102:105:110]
[LARGE_PREDATOR]
[EVIL]
[SUPERNATURAL]
[FANCIFUL]
[AMPHIBIOUS]
[PETVALUE:2000]
[GRASSTRAMPLE:20]
[BUILDINGDESTROYER:2]
[ALL_ACTIVE]
[SWIMS_INNATE]
[TRAPAVOID]
[NOPAIN]
[NOSTUN]
[NONAUSEA]
[NOFEAR]
[NOEXERT]
[NO_DIZZINESS]
[NO_FEVERS]
[LARGE_PREDATOR]



[BODY_SIZE:0:0:7200]
[BODY_SIZE:2:0:36000]
[BODY_SIZE:12:0:144000]

[BODY_SIZE:0:0:74880]
[MALE]
[BABY:1]
[CHILD:12]
[CREATURE_TILE:165]
[CREATURE_CLASS:ALL_CREATURES] [BODY:RCP_UPPER_BODY:RCP_LOWER_BODY:RCP_NECK:RCP_HEAD:RCP_TWO_PART_ARMS:RCP_TWO_PART_LEGS:RCP_3_HEAD_HORNS:RCP_1_EYE:RCP_LUNGS:RCP_HEART:RCP_GUTS:RCP_THROAT:RCP_SPINE:RCP_UPPER_SPINE:RCP_BRAIN:RCP_SKULL:RCP_MOUTH:RCP_TONGUE:RCP_RIBS:RCP_1_EYELID]
[CANOPENDOORS]
[EQUIPS]
[BODY_DETAIL_PLAN:STANDARD_MATERIALS]
[REMOVE_MATERIAL:HAIR]
[BODY_DETAIL_PLAN:STANDARD_TISSUES]
[REMOVE_TISSUE:HAIR]
[USE_MATERIAL_TEMPLATE:HORN:HORN_TEMPLATE]
[USE_TISSUE_TEMPLATE:HORN:HORN_TEMPLATE]
[BODY_DETAIL_PLAN:VERTEBRATE_TISSUE_LAYERS:SKIN:FAT:MUSCLE:BONE:CARTILAGE]
[BODY_DETAIL_PLAN:STANDARD_HEAD_POSITIONS]
[BODY_DETAIL_PLAN:HUMANOID_HEAD_POSITIONS]
[BODY_DETAIL_PLAN:HUMANOID_RIBCAGE_POSITIONS]
[BODY_DETAIL_PLAN:HUMANOID_RELSIZES]
[USE_MATERIAL_TEMPLATE:SINEW:SINEW_TEMPLATE]
[TENDONS:LOCAL_CREATURE_MAT:SINEW:200]
[LIGAMENTS:LOCAL_CREATURE_MAT:SINEW:200]
[HAS_NERVES]
[NOBREATHE]
[HOMEOTHERM:10040]
[SELECT_MATERIAL:SKIN]
[STATE_COLOR:ALL_SOLID:CLEAR]
[NO_UNIT_TYPE_COLOR]
[COLOR:2:0:0]
[SELECT_TISSUE_LAYER:HEART:BY_CATEGORY:HEART]
[PLUS_TISSUE_LAYER:SCALE:BY_CATEGORY:THROAT]
[TL_MAJOR_ARTERIES]
[USE_MATERIAL_TEMPLATE:BLOOD:BLOOD_TEMPLATE]
[BLOOD:LOCAL_CREATURE_MAT:BLOOD:LIQUID]
[CREATURE_CLASS:GENERAL_POISON]
[ATTACK:PUNCH:BODYPART:BY_TYPE:GRASP]
[ATTACK_SKILL:GRASP_STRIKE]
[ATTACK_VERB:punch:punches]
[ATTACK_CONTACT_PERC:100]
[ATTACK_PREPARE_AND_RECOVER:2:2]
[ATTACK_FLAG_WITH]
[ATTACK_PRIORITY:MAIN]
[ATTACK:KICK:BODYPART:BY_TYPE:STANCE]
[ATTACK_SKILL:STANCE_STRIKE]
[ATTACK_VERB:kick:kicks]
[ATTACK_CONTACT_PERC:100]
[ATTACK_PREPARE_AND_RECOVER:2:2]
[ATTACK_FLAG_WITH]
[ATTACK_PRIORITY:MAIN]
[ATTACK_FLAG_BAD_MULTIATTACK]
[ATTACK:HORN:BODYPART:BY_CATEGORY:HORN]
[ATTACK_SKILL:BITE]
[ATTACK_VERB:gore:gores]
[ATTACK_CONTACT_PERC:5]
[ATTACK_PENETRATION_PERC:100]
[ATTACK_PREPARE_AND_RECOVER:2:2]
[ATTACK_FLAG_EDGE]
[ATTACK_PRIORITY:MAIN]
[ATTACK:BITE:BODYPART:BY_CATEGORY:MOUTH]
[ATTACK_SKILL:BITE]
[ATTACK_VERB:bite:bites]
[ATTACK_CONTACT_PERC:100]
[ATTACK_PREPARE_AND_RECOVER:2:2]
[ATTACK_PRIORITY:MAIN]
[ATTACK_FLAG_CANLATCH]
[GAIT:SWIM:Maximum Swim Speed:725:10:3:2175:50:LAYERS_SLOW:STRENGTH:AGILITY:STEALTH_SLOWS:50]
[GAIT:SWIM:Faster Swim:1450:5:3:2175:10:LAYERS_SLOW:STRENGTH:AGILITY:STEALTH_SLOWS:20]
[GAIT:SWIM:Fast Swim:2175:NO_BUILD_UP:5:LAYERS_SLOW:STRENGTH:AGILITY:STEALTH_SLOWS:10]
[GAIT:SWIM:Swim:2900:NO_BUILD_UP:0]
[GAIT:SWIM:Slow Swim:3900:NO_BUILD_UP:0]
[GAIT:SWIM:Creeping Swim:5900:NO_BUILD_UP:0]
[GAIT:WALK:Sprint:250:10:3:750:50:LAYERS_SLOW:STRENGTH:AGILITY:STEALTH_SLOWS:50]
[GAIT:WALK:Run:500:5:3:750:10:LAYERS_SLOW:STRENGTH:AGILITY:STEALTH_SLOWS:20]
[GAIT:WALK:Jog:750:NO_BUILD_UP:5:LAYERS_SLOW:STRENGTH:AGILITY:STEALTH_SLOWS:10]
[GAIT:WALK:Walk:1000:NO_BUILD_UP:0]
[GAIT:WALK:Stroll:2100:NO_BUILD_UP:0]
[GAIT:WALK:Creep:3200:NO_BUILD_UP:0]
[GAIT:CRAWL:Scramble:225:10:3:675:50:LAYERS_SLOW:STRENGTH:AGILITY:STEALTH_SLOWS:50]
[GAIT:CRAWL:Faster Crawl:450:5:3:675:10:LAYERS_SLOW:STRENGTH:AGILITY:STEALTH_SLOWS:20]
[GAIT:CRAWL:Fast Crawl:675:NO_BUILD_UP:5:LAYERS_SLOW:STRENGTH:AGILITY:STEALTH_SLOWS:10]
[GAIT:CRAWL:Crawl:900:NO_BUILD_UP:0]
[GAIT:CRAWL:Slow Crawl:1900:NO_BUILD_UP:0]
[GAIT:CRAWL:Creep:2900:NO_BUILD_UP:0]
[GAIT:CLIMB:Scramble:225:10:3:675:50:LAYERS_SLOW:STRENGTH:AGILITY:STEALTH_SLOWS:50]
[GAIT:CLIMB:Faster Climb:450:5:3:675:10:LAYERS_SLOW:STRENGTH:AGILITY:STEALTH_SLOWS:20]
[GAIT:CLIMB:Fast Climb:675:NO_BUILD_UP:5:LAYERS_SLOW:STRENGTH:AGILITY:STEALTH_SLOWS:10]
[GAIT:CLIMB:Climb:900:NO_BUILD_UP:0]
[GAIT:CLIMB:Slow Climb:1900:NO_BUILD_UP:0]
[GAIT:CLIMB:Creep:2900:NO_BUILD_UP:0]
[DESCRIPTION:A large one-eyed humanoid.  It has three long, straight horns and it lumbers along steadily from place to place.  Its clear skin is leathery.  Now you will know why you fear the night.]
[PREFSTRING:macabre ways]

[CASTE_NAME:horned ogre:horned ogres:horned ogre]

CASTE_NAME:bride of the horned ogre:brides of the horned ogre:bride of the horned ogre]
[MALE]
;
#
[CASTE:NIGHT_CREATURE_145]
[CASTE_NAME:narrow woman:narrow women:narrow woman]
*
###







was caste female
was female

[ORIENTATION:MALE:0:0:1]
[ORIENTATION:FEMALE:1:0:0]
was caste male
was male

[MALE]
[CAN_LEARN]
[CAN_SPEAK]
[SENSE_CREATURE_CLASS:GENERAL_POISON:15:4:0:1]
[PHYS_ATT_RANGE:STRENGTH:450:550:700:750:800:850:900]
[PHYS_ATT_RANGE:AGILITY:1000:1250:1500:2000:2250:2500:3000]
[PHYS_ATT_RANGE:TOUGHNESS:850:900:950:1000:1050:1100:1150]
[PHYS_ATT_RANGE:ENDURANCE:850:900:950:1000:1050:1100:1150]
[PHYS_ATT_RANGE:RECUPERATION:450:1050:1150:1250:1350:1550:2250]
[PHYS_ATT_RANGE:DISEASE_RESISTANCE:700:1300:1400:1500:1600:1800:2500]
[MENT_ATT_RANGE:ANALYTICAL_ABILITY:1250:1500:1750:2000:2500:3000:5000]
[MENT_ATT_RANGE:FOCUS:1250:1500:1750:2000:2500:3000:5000]
[MENT_ATT_RANGE:WILLPOWER:1250:1500:1750:2000:2500:3000:5000]
[MENT_ATT_RANGE:PATIENCE:0:333:666:1000:2333:3666:5000]
[MENT_ATT_RANGE:MEMORY:1250:1500:1750:2000:2500:3000:5000]
[MENT_ATT_RANGE:LINGUISTIC_ABILITY:450:1050:1150:1250:1350:1550:2250]
[MENT_ATT_RANGE:MUSICALITY:0:333:666:1000:2333:3666:5000]
[MENT_ATT_RANGE:SOCIAL_AWARENESS:700:1300:1400:1500:1600:1800:2500]
[PERSONALITY:BASHFUL:0:0:0]
[PERSONALITY:STRESS_VULNERABILITY:0:0:0]
[PERSONALITY:FRIENDLINESS:0:0:0]
[PERSONALITY:DISDAIN_ADVICE:100:100:100]
[PERSONALITY:CHEER_PROPENSITY:0:0:0]
[PERSONALITY:GRATITUDE:0:0:0]
[PERSONALITY:TRUST:0:0:0]
[PERSONALITY:ALTRUISM:0:0:0]
[PERSONALITY:CRUELTY:100:100:100]
[NATURAL_SKILL:WRESTLING:6]
[NATURAL_SKILL:BITE:6]
[NATURAL_SKILL:GRASP_STRIKE:6]
[NATURAL_SKILL:STANCE_STRIKE:6]
[NATURAL_SKILL:MELEE_COMBAT:6]
[NATURAL_SKILL:DODGING:6]
[NATURAL_SKILL:SITUATIONAL_AWARENESS:6]











[ODOR_STRING:bug innards]

[NO_DRINK]
[NO_EAT]
[NO_SLEEP]
[BODY_APPEARANCE_MODIFIER:HEIGHT:90:95:98:100:102:105:110]
[BODY_APPEARANCE_MODIFIER:BROADNESS:90:95:98:100:102:105:110]
[LARGE_PREDATOR]
[EVIL]
[SUPERNATURAL]
[FANCIFUL]
[AMPHIBIOUS]
[PETVALUE:2000]
[GRASSTRAMPLE:20]
[BUILDINGDESTROYER:2]
[ALL_ACTIVE]
[SWIMS_INNATE]
[TRAPAVOID]
[NOPAIN]
[NOSTUN]
[NONAUSEA]
[NOFEAR]
[NOEXERT]
[NO_DIZZINESS]
[NO_FEVERS]
[LARGE_PREDATOR]



[BODY_SIZE:0:0:3950]
[BODY_SIZE:2:0:19750]
[BODY_SIZE:12:0:79000]

[BODY_SIZE:0:0:41870]
[MALE]
[BABY:1]
[CHILD:12]
[CREATURE_TILE:165]
[CREATURE_CLASS:ALL_CREATURES] [BODY:RCP_UPPER_BODY:RCP_LOWER_BODY:RCP_NECK:RCP_HEAD:RCP_TWO_PART_ARMS:RCP_TWO_PART_LEGS:RCP_3_HEAD_HORNS:RCP_1_EYE:RCP_LUNGS:RCP_HEART:RCP_GUTS:RCP_THROAT:RCP_SPINE:RCP_UPPER_SPINE:RCP_BRAIN:RCP_SKULL:RCP_MOUTH:RCP_TONGUE:RCP_RIBS:RCP_1_EYELID]
[CANOPENDOORS]
[EQUIPS]
[BODY_DETAIL_PLAN:STANDARD_MATERIALS]
[REMOVE_MATERIAL:HAIR]
[BODY_DETAIL_PLAN:STANDARD_TISSUES]
[REMOVE_TISSUE:HAIR]
[USE_MATERIAL_TEMPLATE:HORN:HORN_TEMPLATE]
[USE_TISSUE_TEMPLATE:HORN:HORN_TEMPLATE]
[BODY_DETAIL_PLAN:VERTEBRATE_TISSUE_LAYERS:SKIN:FAT:MUSCLE:BONE:CARTILAGE]
[BODY_DETAIL_PLAN:STANDARD_HEAD_POSITIONS]
[BODY_DETAIL_PLAN:HUMANOID_HEAD_POSITIONS]
[BODY_DETAIL_PLAN:HUMANOID_RIBCAGE_POSITIONS]
[BODY_DETAIL_PLAN:HUMANOID_RELSIZES]
[USE_MATERIAL_TEMPLATE:SINEW:SINEW_TEMPLATE]
[TENDONS:LOCAL_CREATURE_MAT:SINEW:200]
[LIGAMENTS:LOCAL_CREATURE_MAT:SINEW:200]
[HAS_NERVES]
[NOBREATHE]
[HOMEOTHERM:10040]
[SELECT_MATERIAL:SKIN]
[STATE_COLOR:ALL_SOLID:GRAY]
[NO_UNIT_TYPE_COLOR]
[COLOR:2:0:0]
[SELECT_TISSUE_LAYER:HEART:BY_CATEGORY:HEART]
[PLUS_TISSUE_LAYER:SCALE:BY_CATEGORY:THROAT]
[TL_MAJOR_ARTERIES]
[USE_MATERIAL_TEMPLATE:BLOOD:BLOOD_TEMPLATE]
[BLOOD:LOCAL_CREATURE_MAT:BLOOD:LIQUID]
[CREATURE_CLASS:GENERAL_POISON]
[ATTACK:PUNCH:BODYPART:BY_TYPE:GRASP]
[ATTACK_SKILL:GRASP_STRIKE]
[ATTACK_VERB:punch:punches]
[ATTACK_CONTACT_PERC:100]
[ATTACK_PREPARE_AND_RECOVER:2:2]
[ATTACK_FLAG_WITH]
[ATTACK_PRIORITY:MAIN]
[ATTACK:KICK:BODYPART:BY_TYPE:STANCE]
[ATTACK_SKILL:STANCE_STRIKE]
[ATTACK_VERB:kick:kicks]
[ATTACK_CONTACT_PERC:100]
[ATTACK_PREPARE_AND_RECOVER:2:2]
[ATTACK_FLAG_WITH]
[ATTACK_PRIORITY:MAIN]
[ATTACK_FLAG_BAD_MULTIATTACK]
[ATTACK:HORN:BODYPART:BY_CATEGORY:HORN]
[ATTACK_SKILL:BITE]
[ATTACK_VERB:gore:gores]
[ATTACK_CONTACT_PERC:5]
[ATTACK_PENETRATION_PERC:100]
[ATTACK_PREPARE_AND_RECOVER:2:2]
[ATTACK_FLAG_EDGE]
[ATTACK_PRIORITY:MAIN]
[ATTACK:BITE:BODYPART:BY_CATEGORY:MOUTH]
[ATTACK_SKILL:BITE]
[ATTACK_VERB:bite:bites]
[ATTACK_CONTACT_PERC:100]
[ATTACK_PREPARE_AND_RECOVER:2:2]
[ATTACK_PRIORITY:MAIN]
[ATTACK_FLAG_CANLATCH]
[GAIT:SWIM:Maximum Swim Speed:725:10:3:2175:50:LAYERS_SLOW:STRENGTH:AGILITY:STEALTH_SLOWS:50]
[GAIT:SWIM:Faster Swim:1450:5:3:2175:10:LAYERS_SLOW:STRENGTH:AGILITY:STEALTH_SLOWS:20]
[GAIT:SWIM:Fast Swim:2175:NO_BUILD_UP:5:LAYERS_SLOW:STRENGTH:AGILITY:STEALTH_SLOWS:10]
[GAIT:SWIM:Swim:2900:NO_BUILD_UP:0]
[GAIT:SWIM:Slow Swim:3900:NO_BUILD_UP:0]
[GAIT:SWIM:Creeping Swim:5900:NO_BUILD_UP:0]
[GAIT:WALK:Sprint:200:10:3:600:50:LAYERS_SLOW:STRENGTH:AGILITY:STEALTH_SLOWS:50]
[GAIT:WALK:Run:400:5:3:600:10:LAYERS_SLOW:STRENGTH:AGILITY:STEALTH_SLOWS:20]
[GAIT:WALK:Jog:600:NO_BUILD_UP:5:LAYERS_SLOW:STRENGTH:AGILITY:STEALTH_SLOWS:10]
[GAIT:WALK:Walk:800:NO_BUILD_UP:0]
[GAIT:WALK:Stroll:1700:NO_BUILD_UP:0]
[GAIT:WALK:Creep:2600:NO_BUILD_UP:0]
[GAIT:CRAWL:Scramble:225:10:3:675:50:LAYERS_SLOW:STRENGTH:AGILITY:STEALTH_SLOWS:50]
[GAIT:CRAWL:Faster Crawl:450:5:3:675:10:LAYERS_SLOW:STRENGTH:AGILITY:STEALTH_SLOWS:20]
[GAIT:CRAWL:Fast Crawl:675:NO_BUILD_UP:5:LAYERS_SLOW:STRENGTH:AGILITY:STEALTH_SLOWS:10]
[GAIT:CRAWL:Crawl:900:NO_BUILD_UP:0]
[GAIT:CRAWL:Slow Crawl:1900:NO_BUILD_UP:0]
[GAIT:CRAWL:Creep:2900:NO_BUILD_UP:0]
[GAIT:CLIMB:Scramble:225:10:3:675:50:LAYERS_SLOW:STRENGTH:AGILITY:STEALTH_SLOWS:50]
[GAIT:CLIMB:Faster Climb:450:5:3:675:10:LAYERS_SLOW:STRENGTH:AGILITY:STEALTH_SLOWS:20]
[GAIT:CLIMB:Fast Climb:675:NO_BUILD_UP:5:LAYERS_SLOW:STRENGTH:AGILITY:STEALTH_SLOWS:10]
[GAIT:CLIMB:Climb:900:NO_BUILD_UP:0]
[GAIT:CLIMB:Slow Climb:1900:NO_BUILD_UP:0]
[GAIT:CLIMB:Creep:2900:NO_BUILD_UP:0]
[DESCRIPTION:A one-eyed humanoid.  It has three stubby horns and it strides in silence with purpose.  Its gray skin is wrinkled.  Now you will know why you fear the night.]
[PREFSTRING:macabre ways]

[CASTE_NAME:narrow woman:narrow women:narrow woman]

CASTE_NAME:narrow woman bridegroom:narrow woman bridegrooms:narrow woman bridegroom]
[MALE]
;
#
[CASTE:NIGHT_CREATURE_144]
[CASTE_NAME:dark monster:dark monsters:dark monster]
*
###







was caste male
was male



was caste female
was female

[MALE]
[CAN_LEARN]
[CAN_SPEAK]
[SENSE_CREATURE_CLASS:GENERAL_POISON:15:4:0:1]
[PHYS_ATT_RANGE:STRENGTH:450:550:700:750:800:850:900]
[PHYS_ATT_RANGE:AGILITY:1000:1250:1500:2000:2250:2500:3000]
[PHYS_ATT_RANGE:TOUGHNESS:850:900:950:1000:1050:1100:1150]
[PHYS_ATT_RANGE:ENDURANCE:850:900:950:1000:1050:1100:1150]
[PHYS_ATT_RANGE:RECUPERATION:450:1050:1150:1250:1350:1550:2250]
[PHYS_ATT_RANGE:DISEASE_RESISTANCE:700:1300:1400:1500:1600:1800:2500]
[MENT_ATT_RANGE:ANALYTICAL_ABILITY:1250:1500:1750:2000:2500:3000:5000]
[MENT_ATT_RANGE:FOCUS:1250:1500:1750:2000:2500:3000:5000]
[MENT_ATT_RANGE:WILLPOWER:1250:1500:1750:2000:2500:3000:5000]
[MENT_ATT_RANGE:PATIENCE:0:333:666:1000:2333:3666:5000]
[MENT_ATT_RANGE:MEMORY:1250:1500:1750:2000:2500:3000:5000]
[MENT_ATT_RANGE:LINGUISTIC_ABILITY:450:1050:1150:1250:1350:1550:2250]
[MENT_ATT_RANGE:MUSICALITY:0:333:666:1000:2333:3666:5000]
[MENT_ATT_RANGE:SOCIAL_AWARENESS:700:1300:1400:1500:1600:1800:2500]
[PERSONALITY:BASHFUL:0:0:0]
[PERSONALITY:STRESS_VULNERABILITY:0:0:0]
[PERSONALITY:FRIENDLINESS:0:0:0]
[PERSONALITY:DISDAIN_ADVICE:100:100:100]
[PERSONALITY:CHEER_PROPENSITY:0:0:0]
[PERSONALITY:GRATITUDE:0:0:0]
[PERSONALITY:TRUST:0:0:0]
[PERSONALITY:ALTRUISM:0:0:0]
[PERSONALITY:CRUELTY:100:100:100]
[NATURAL_SKILL:WRESTLING:6]
[NATURAL_SKILL:BITE:6]
[NATURAL_SKILL:GRASP_STRIKE:6]
[NATURAL_SKILL:STANCE_STRIKE:6]
[NATURAL_SKILL:MELEE_COMBAT:6]
[NATURAL_SKILL:DODGING:6]
[NATURAL_SKILL:SITUATIONAL_AWARENESS:6]











[ODOR_STRING:death]

[NO_DRINK]
[NO_EAT]
[NO_SLEEP]
[BODY_APPEARANCE_MODIFIER:HEIGHT:90:95:98:100:102:105:110]
[BODY_APPEARANCE_MODIFIER:BROADNESS:90:95:98:100:102:105:110]
[LARGE_PREDATOR]
[EVIL]
[SUPERNATURAL]
[FANCIFUL]
[AMPHIBIOUS]
[PETVALUE:2000]
[GRASSTRAMPLE:20]
[BUILDINGDESTROYER:2]
[ALL_ACTIVE]
[SWIMS_INNATE]
[TRAPAVOID]
[NOPAIN]
[NOSTUN]
[NONAUSEA]
[NOFEAR]
[NOEXERT]
[NO_DIZZINESS]
[NO_FEVERS]
[LARGE_PREDATOR]



[BODY_SIZE:0:0:5650]
[BODY_SIZE:2:0:28250]
[BODY_SIZE:12:0:113000]

[BODY_SIZE:0:0:80230]
[MALE]
[BABY:1]
[CHILD:12]
[CREATURE_TILE:165]
[CREATURE_CLASS:ALL_CREATURES] [BODY:RCP_UPPER_BODY:RCP_LOWER_BODY:RCP_NECK:RCP_HEAD:RCP_TWO_PART_ARMS:RCP_TWO_PART_LEGS:RCP_TWO_WINGS:RCP_2_EYES:RCP_LUNGS:RCP_HEART:RCP_GUTS:RCP_THROAT:RCP_SPINE:RCP_UPPER_SPINE:RCP_BRAIN:RCP_SKULL:RCP_MOUTH:RCP_TONGUE:RCP_RIBS:RCP_2_EYELIDS]
[FLIER]
[CANOPENDOORS]
[EQUIPS]
[BODY_DETAIL_PLAN:STANDARD_MATERIALS]
[BODY_DETAIL_PLAN:STANDARD_TISSUES]
[BODY_DETAIL_PLAN:VERTEBRATE_TISSUE_LAYERS:SKIN:FAT:MUSCLE:BONE:CARTILAGE]
[BODY_DETAIL_PLAN:STANDARD_HEAD_POSITIONS]
[BODY_DETAIL_PLAN:HUMANOID_HEAD_POSITIONS]
[BODY_DETAIL_PLAN:HUMANOID_RIBCAGE_POSITIONS]
[BODY_DETAIL_PLAN:HUMANOID_RELSIZES]
[USE_MATERIAL_TEMPLATE:SINEW:SINEW_TEMPLATE]
[TENDONS:LOCAL_CREATURE_MAT:SINEW:200]
[LIGAMENTS:LOCAL_CREATURE_MAT:SINEW:200]
[HAS_NERVES]
[NOBREATHE]
[HOMEOTHERM:10040]
[BODY_DETAIL_PLAN:BODY_HAIR_TISSUE_LAYERS:HAIR]
[SELECT_MATERIAL:HAIR]
[STATE_COLOR:ALL_SOLID:CLEAR]
[NO_UNIT_TYPE_COLOR]
[COLOR:2:0:0]
[SELECT_TISSUE_LAYER:HEART:BY_CATEGORY:HEART]
[PLUS_TISSUE_LAYER:SCALE:BY_CATEGORY:THROAT]
[TL_MAJOR_ARTERIES]
[USE_MATERIAL_TEMPLATE:BLOOD:BLOOD_TEMPLATE]
[BLOOD:LOCAL_CREATURE_MAT:BLOOD:LIQUID]
[CREATURE_CLASS:GENERAL_POISON]
[ATTACK:PUNCH:BODYPART:BY_TYPE:GRASP]
[ATTACK_SKILL:GRASP_STRIKE]
[ATTACK_VERB:punch:punches]
[ATTACK_CONTACT_PERC:100]
[ATTACK_PREPARE_AND_RECOVER:2:2]
[ATTACK_FLAG_WITH]
[ATTACK_PRIORITY:MAIN]
[ATTACK:KICK:BODYPART:BY_TYPE:STANCE]
[ATTACK_SKILL:STANCE_STRIKE]
[ATTACK_VERB:kick:kicks]
[ATTACK_CONTACT_PERC:100]
[ATTACK_PREPARE_AND_RECOVER:2:2]
[ATTACK_FLAG_WITH]
[ATTACK_PRIORITY:MAIN]
[ATTACK_FLAG_BAD_MULTIATTACK]
[ATTACK:BITE:BODYPART:BY_CATEGORY:MOUTH]
[ATTACK_SKILL:BITE]
[ATTACK_VERB:bite:bites]
[ATTACK_CONTACT_PERC:100]
[ATTACK_PREPARE_AND_RECOVER:2:2]
[ATTACK_PRIORITY:MAIN]
[ATTACK_FLAG_CANLATCH]
[GAIT:SWIM:Maximum Swim Speed:725:10:3:2175:50:LAYERS_SLOW:STRENGTH:AGILITY:STEALTH_SLOWS:50]
[GAIT:SWIM:Faster Swim:1450:5:3:2175:10:LAYERS_SLOW:STRENGTH:AGILITY:STEALTH_SLOWS:20]
[GAIT:SWIM:Fast Swim:2175:NO_BUILD_UP:5:LAYERS_SLOW:STRENGTH:AGILITY:STEALTH_SLOWS:10]
[GAIT:SWIM:Swim:2900:NO_BUILD_UP:0]
[GAIT:SWIM:Slow Swim:3900:NO_BUILD_UP:0]
[GAIT:SWIM:Creeping Swim:5900:NO_BUILD_UP:0]
[GAIT:FLY:Maximum Flight Speed:225:10:3:675:50:LAYERS_SLOW:STRENGTH:AGILITY:STEALTH_SLOWS:50]
[GAIT:FLY:Faster Flight:450:5:3:675:10:LAYERS_SLOW:STRENGTH:AGILITY:STEALTH_SLOWS:20]
[GAIT:FLY:Fast Flight:675:NO_BUILD_UP:5:LAYERS_SLOW:STRENGTH:AGILITY:STEALTH_SLOWS:10]
[GAIT:FLY:Fly:900:NO_BUILD_UP:0]
[GAIT:FLY:Slow Flight:1900:NO_BUILD_UP:0]
[GAIT:FLY:Hover:2900:NO_BUILD_UP:0]
[GAIT:WALK:Sprint:200:10:3:600:50:LAYERS_SLOW:STRENGTH:AGILITY:STEALTH_SLOWS:50]
[GAIT:WALK:Run:400:5:3:600:10:LAYERS_SLOW:STRENGTH:AGILITY:STEALTH_SLOWS:20]
[GAIT:WALK:Jog:600:NO_BUILD_UP:5:LAYERS_SLOW:STRENGTH:AGILITY:STEALTH_SLOWS:10]
[GAIT:WALK:Walk:800:NO_BUILD_UP:0]
[GAIT:WALK:Stroll:1700:NO_BUILD_UP:0]
[GAIT:WALK:Creep:2600:NO_BUILD_UP:0]
[GAIT:CRAWL:Scramble:225:10:3:675:50:LAYERS_SLOW:STRENGTH:AGILITY:STEALTH_SLOWS:50]
[GAIT:CRAWL:Faster Crawl:450:5:3:675:10:LAYERS_SLOW:STRENGTH:AGILITY:STEALTH_SLOWS:20]
[GAIT:CRAWL:Fast Crawl:675:NO_BUILD_UP:5:LAYERS_SLOW:STRENGTH:AGILITY:STEALTH_SLOWS:10]
[GAIT:CRAWL:Crawl:900:NO_BUILD_UP:0]
[GAIT:CRAWL:Slow Crawl:1900:NO_BUILD_UP:0]
[GAIT:CRAWL:Creep:2900:NO_BUILD_UP:0]
[GAIT:CLIMB:Scramble:225:10:3:675:50:LAYERS_SLOW:STRENGTH:AGILITY:STEALTH_SLOWS:50]
[GAIT:CLIMB:Faster Climb:450:5:3:675:10:LAYERS_SLOW:STRENGTH:AGILITY:STEALTH_SLOWS:20]
[GAIT:CLIMB:Fast Climb:675:NO_BUILD_UP:5:LAYERS_SLOW:STRENGTH:AGILITY:STEALTH_SLOWS:10]
[GAIT:CLIMB:Climb:900:NO_BUILD_UP:0]
[GAIT:CLIMB:Slow Climb:1900:NO_BUILD_UP:0]
[GAIT:CLIMB:Creep:2900:NO_BUILD_UP:0]
[DESCRIPTION:A large hairy humanoid.  It has thin wings of stretched skin and it groans from time to time.  Its clear hair is long and straight.  Now you will know why you fear the night.]
[PREFSTRING:macabre ways]

[CASTE_NAME:dark monster:dark monsters:dark monster]

CASTE_NAME:mate of the dark monster:mates of the dark monster:mate of the dark monster]
[MALE]
;
#
[CASTE:NIGHT_CREATURE_143]
[CASTE_NAME:woman of the night:women of the night:woman of the night]
*
###







was caste female
was female

[ORIENTATION:MALE:0:0:1]
[ORIENTATION:FEMALE:1:0:0]
was caste male
was male

[MALE]
[CAN_LEARN]
[SLOW_LEARNER]
[CAN_SPEAK]
[SENSE_CREATURE_CLASS:GENERAL_POISON:15:4:0:1]
[PHYS_ATT_RANGE:STRENGTH:450:550:700:750:800:850:900]
[PHYS_ATT_RANGE:AGILITY:1000:1250:1500:2000:2250:2500:3000]
[PHYS_ATT_RANGE:TOUGHNESS:850:900:950:1000:1050:1100:1150]
[PHYS_ATT_RANGE:ENDURANCE:850:900:950:1000:1050:1100:1150]
[PHYS_ATT_RANGE:RECUPERATION:450:1050:1150:1250:1350:1550:2250]
[PHYS_ATT_RANGE:DISEASE_RESISTANCE:700:1300:1400:1500:1600:1800:2500]
[MENT_ATT_RANGE:ANALYTICAL_ABILITY:1250:1500:1750:2000:2500:3000:5000]
[MENT_ATT_RANGE:FOCUS:1250:1500:1750:2000:2500:3000:5000]
[MENT_ATT_RANGE:WILLPOWER:1250:1500:1750:2000:2500:3000:5000]
[MENT_ATT_RANGE:PATIENCE:0:333:666:1000:2333:3666:5000]
[MENT_ATT_RANGE:MEMORY:1250:1500:1750:2000:2500:3000:5000]
[MENT_ATT_RANGE:LINGUISTIC_ABILITY:450:1050:1150:1250:1350:1550:2250]
[MENT_ATT_RANGE:MUSICALITY:0:333:666:1000:2333:3666:5000]
[MENT_ATT_RANGE:SOCIAL_AWARENESS:700:1300:1400:1500:1600:1800:2500]
